# oST version 5.0 parameters

[image]

width
640

height
480

[camera]

camera matrix
598.230594 0 319.973900
0 599.652599 229.089948
0.000000 0.000000 1.000000

distortion
0.079862 -0.17693 -0.002612 -0.003642 0

rectification
1.000000 0.000000 0.000000
0.000000 1.000000 0.000000
0.000000 0.000000 1.000000

projection
602.494080 0 317.594145 0
0 604.929504 227.689729 0
0 0 1 0

